kinematics:
  shoulder:
    x: 0
    y: 0
    z: 0.089057674439056198
    roll: -0
    pitch: 0
    yaw: 1.7251413912676284e-05
  upper_arm:
    x: 7.4573437044078852e-06
    y: 0
    z: 0
    roll: 1.5691807705477356
    pitch: 0
    yaw: -5.4792047569032961e-05
  forearm:
    x: -0.42537813648391826
    y: 0
    z: 0
    roll: 3.1412569750889077
    pitch: 3.1383838332716998
    yaw: 3.1415296311076397
  wrist_1:
    x: -0.39208087578091239
    y: -0.00083436360997587956
    z: 0.11130678634780318
    roll: 0.0074959309306025313
    pitch: 0.0011511016353046475
    yaw: -0.00016999258319907095
  wrist_2:
    x: 1.581523326216096e-06
    y: -0.094835438262688768
    z: 0.000129686704206322
    roll: 1.5694288356360784
    pitch: 0
    yaw: -7.0679143351085521e-06
  wrist_3:
    x: 8.0526826769247568e-05
    y: 0.082460647313079546
    z: 8.8249339760670758e-05
    roll: 1.5718665258406812
    pitch: 3.1415926535897931
    yaw: 3.1415495003687477
  hash: calib_14456265883694104821