kinematics:
  shoulder:
    x: 0
    y: 0
    z: 0.089466067645452813
    roll: -0
    pitch: 0
    yaw: 2.5992806373751332e-05
  upper_arm:
    x: 0.00015190641584767505
    y: 0
    z: 0
    roll: 1.5705548599071895
    pitch: 0
    yaw: -0.00014211040115200233
  forearm:
    x: -0.42530541717893261
    y: 0
    z: 0
    roll: 0.00090939825312411201
    pitch: 0.0013809951659332104
    yaw: 4.0644278134068222e-07
  wrist_1:
    x: -0.39204548807358613
    y: -0.00089588224363412511
    z: 0.11085364238842262
    roll: 0.0080814912414353453
    pitch: 0.0010305522202110628
    yaw: -0.00018069733552705824
  wrist_2:
    x: 2.4775717252299375e-05
    y: -0.094851864362053132
    z: 0.00015716597364864488
    roll: 1.5691393659025452
    pitch: 0
    yaw: -2.9945131859753709e-05
  wrist_3:
    x: 0.00011187549105713062
    y: 0.082512975944864231
    z: 7.2199318960630929e-05
    roll: 1.5716713322071698
    pitch: 3.1415926535897931
    yaw: 3.1415496778464105
  hash: calib_4695884523450930211