kinematics:
  shoulder:
    x: 0
    y: 0
    z: 0.089159000000000002
    roll: -0
    pitch: 0
    yaw: -0
  upper_arm:
    x: 0
    y: 0
    z: 0
    roll: 1.570796327
    pitch: 0
    yaw: -0
  forearm:
    x: -0.42499999999999999
    y: 0
    z: 0
    roll: -0
    pitch: 0
    yaw: -0
  wrist_1:
    x: -0.39224999999999999
    y: 0
    z: 0.10915
    roll: -0
    pitch: 0
    yaw: -0
  wrist_2:
    x: 0
    y: -0.094649999999999998
    z: -1.9413039508976093e-11
    roll: 1.570796327
    pitch: 0
    yaw: -0
  wrist_3:
    x: 0
    y: 0.082299999999999998
    z: -1.6880012166811754e-11
    roll: 1.5707963265897931
    pitch: 3.1415926535897931
    yaw: 3.1415926535897931
  hash: calib_209549117540498681